0.0
0.8251295336787565
0.1875
0.30856423173803527
0.3712121212121212
0.18058968058968058
20.37562814070352
20.468354430379748
21.25375
21.89232673267327
21.42982456140351
10.910306970448318
13.53701754385965
20.674433177269187
19.04619565217391
19.48567539373585
17.64015350877193
15.104649122807016
12.992424242424242
14.589195979899497
15.959446564885495
16.16592071611253
0.7313432835820894
10.24464417474493
14.317536193165916
8.562182741116752
7.753321981623081
14.260891571917092
19.15494577178186
19.071285470415823
6.296437659033078
19.13681592039801
18.775125628140703
11.693181818181817
10.984886649874058
6.8501259445843825
3.773989898989899
6.81958762886598
15.403465346534654
18.513853904282115
16.416243654822335
18.73164556962025
18.530456852791875
18.046035805626598
18.6426735218509
7.325376884422111
11.38819095477387
10.403266331658292
7.307017543859649
7.595
8.636403508771929
6.202375015982612
13.947103274559193
17.772989633305066
14.757361368244732
17.279596977329973
19.263676844783713
16.74034441260034
18.5920146417366
3.383631713554987
6.5397845880524095
6.263157894736842
6.508771929824561
6.171052631578946
10.482587064676617
14.255667506297229
16.5
9.121346886912326
17.544202728649555
20.129707882848585
21.043616014514686
18.768637532133678
7.5601377378686205
14.539141414141413
0.12468193384223919
0.12219451371571072
0.18894601542416453
0.12468193384223919
0.18329177057356608
0.12373737373737374
0.12531969309462918
0.12468193384223919
0.06109725685785536
19.041772151898734
21.94029850746269
19.007556675062972
22.97636815920398
20.07894736842105
21.530617084551093
23.391652010050247
21.453045685279186
11.241895261845388
12.653164556962025
18.54556962025316
17.9253164556962
18.49873737373737
1.157960199004975
18.577608142493638
15.846461090772552
15.635678391959798
15.736219575686583
12.592875318066156
16.128140703517587
8.88125
15.043859649122808
13.026261003662533
17.068123393316196
10.114102564102563
13.624688279301745
18.573211298479052
19.035087719298247
2.5855045668594547
18.869638597025528
16.087719298245617
16.25141133880992
12.836116982899382
7.277227722772276
3.03705321557249
16.86284289276808
17.36469072164948
14.651971188653677
18.512165615737327
17.40871796816728
18.54860321238141
17.574173678764566
17.024358974358975
18.078880407124682
11.096692111959287
9.394736842105262
13.111809045226131
7.8793969849246235
6.43125
12.036159600997506
12.530534351145038
14.583157672849914
15.888613861386139
15.251557788944723
15.297110552763819
18.111079934955203
18.327766562374233
18.344341504214114
17.74984096692112
3.170380007416026
6.447368421052631
6.355263157894737
9.945544554455449
7.897208121827411
13.242690058479532
17.54396984924623
14.352802632644039
6.707182017543859
20.27157360406091
20.40656248413786
20.642908290163646
18.72456575682382
15.582514846962084
13.335443037974684
0.304726368159204
0.12405063291139241
0.1225
0.12499999999999999
0.12373737373737374
0.06249999999999999
0.12405063291139241
0.062340966921119595
0.1865482233502538
0.062340966921119595
19.758064516129032
21.398969681060503
19.52647006964648
23.44273597635417
20.487593052109183
20.920654911838792
21.24561403508772
23.003193578553613
21.77777777777778
19.076174613218203
2.756713554987212
13.323453608247421
18.147598761501133
16.00502512562814
17.596009975062344
18.406091370558375
12.870292470841155
19.64912280701754
15.483502538071065
15.204773869346733
17.823749999999997
15.095959595959595
14.373860158294624
7.91903607867084
1.368020304568528
14.30203045685279
15.444303797468356
15.701995012468826
14.562659846547312
14.772952853598014
19.395562319060446
18.484654731457802
17.395618686868687
18.99368686868687
15.481861448299433
12.03631234413965
13.078947368421053
8.446925868525168
11.880653266331658
4.601522842639594
15.343122662392185
18.175438596491226
17.59771573604061
18.731802994281306
18.039649766058048
14.852496467263308
16.016795865633075
5.3385149769770095
8.39140350877193
13.912060301507537
12.7138984181437
7.1767676767676765
9.301488833746898
12.467088607594938
12.985000000000001
17.63622939257692
14.624999999999998
15.690500905499501
19.4775
16.220400246848275
17.281012658227848
16.166240409207163
5.786978300883378
6.340452261306533
7.748201754385966
6.7545402450850744
7.104999999999999
9.670975877192982
14.353535353535353
2.5952080706179066
4.955949044996296
18.803749999999997
21.1061059209897
20.32456140350877
4.9119744498403115
14.29386128936591
5.4479030371985715
0.06155778894472362
0.12436548223350252
0.12727272727272726
0.12860892388451445
0.06282051282051282
0.1856060606060606
0.1860759493670886
0.18421052631578946
