0.0
0.8187660668380462
0.245
0.1875
0.37789203084832906
0.1814814814814815
20.768090985028593
20.27467336683417
20.436568808957066
23.68702290076336
21.805
11.449748743718594
13.176787518243577
21.156297497043884
19.88389757615886
18.48090578771514
13.587477217871042
17.03274559193955
12.25
14.959167665739866
1.5664961636828645
1.2436548223350254
5.215346534653465
14.50406775057714
10.70694087403599
6.064682741116751
14.762659846547315
18.780125245516924
16.995252359326184
10.481634945810203
18.56123416910219
17.90119304715878
14.811083123425691
10.881979695431472
4.774358974358974
8.204918032786885
7.11489898989899
15.980423895998785
17.72332716867432
17.873730964467004
18.53205128205128
19.027918781725887
17.652564102564103
15.08196918938125
9.712762042535912
8.084382871536524
10.77639292956008
7.245614035087719
7.0
8.636249999999999
8.33154593796911
13.144836272040301
17.601993781208524
14.612630108188483
14.669874627606754
16.966097256857857
16.726999935745038
18.57852476908792
16.20769230769231
7.062499999999999
6.324715683681566
6.170822942643392
12.187702301351587
6.201754385964912
8.024813895781639
13.804568527918782
2.0851063829787235
10.742307692307692
17.6571072319202
21.33084577114428
20.27192799555185
8.599904104334485
14.587628033737616
1.760407593187757
0.1234256926952141
0.2468513853904282
0.1860759493670886
0.1234256926952141
0.12311557788944724
0.06202531645569621
0.1225
0.24810126582278483
0.1234256926952141
0.1225
19.27664974619289
20.599502487562187
19.133195409093148
23.391344221105527
21.282828282828284
20.86138613861386
23.247392388593735
21.36842105263158
12.34256926952141
12.751040219663235
18.902017168683837
16.706747833929203
18.54556962025316
2.062302369349902
18.390274314214462
15.143216080402008
14.085995085995085
15.003875968992249
8.575
15.304951898868364
11.4495944635458
15.350877192982457
0.9303797468354431
18.684343434343436
13.734848484848484
13.912060301507537
16.190773067331673
18.88475592258394
6.903990024937656
19.325699745547077
16.64275498346295
13.201754385964913
13.885390428211586
5.635000000000001
5.206865577889447
8.943122571483046
15.114276631729691
18.499135220125787
16.129675810473817
18.96590909090909
15.493411772460616
17.69794344473008
17.57875
6.0625
13.201754385964913
14.008816120906802
6.792079207920793
7.887986561484684
6.201600877192982
15.579800498753118
15.414322250639387
15.141616282453361
15.657894736842106
14.59057071960298
18.917721518987342
16.94070970741086
19.63708892968725
16.870729446362358
5.827365728900255
6.277363184079602
6.18625
6.623708253939576
6.155778894472361
16.90178141012339
1.5545685279187815
14.650599488671428
6.208885348538208
7.524111675126904
18.86761776051977
21.114321608040196
20.20175438596491
4.651898734177215
14.362509462257181
0.060794044665012405
0.12468193384223919
0.1875
0.12405063291139241
0.12694300518134716
0.18467336683417085
0.06249999999999999
0.06155778894472362
0.12405063291139241
0.12373737373737374
0.310126582278481
0.12436548223350252
0.1234256926952141
17.69794344473008
21.581885856079403
19.92171717171717
19.90625
21.453045685279186
20.39625
20.45812182741117
21.422110552763815
22.6625
20.41670518831583
5.547714755048797
14.761249999999999
19.624685138539043
19.700466349490117
18.86497512816608
2.072139303482587
18.652010050251256
18.698992443324936
12.836272040302266
16.242106115231103
18.14588528678304
17.01388888888889
15.25125
9.26522842639594
15.048223350253808
4.536011234702749
18.236842105263154
11.096692111959287
13.733008447043536
19.351898734177215
18.886156909141796
4.542639828153791
18.803749999999997
18.967741935483872
15.1955807239618
10.827020202020202
10.539895906958813
2.749376558603491
12.722365038560412
13.611111111111109
17.621433210930114
18.390274314214462
19.342367256637168
17.998505770404606
18.141221374045802
18.59263959390863
2.3880139898284964
15.568354430379745
11.42750644518936
7.148379052369078
7.899244332493702
6.140465961820668
14.992537313432836
12.127271170610213
17.081424936386767
16.971032745591938
14.683553893364019
15.067347256857856
18.575566750629722
18.31363506127127
20.2172236503856
19.49002493765586
6.853563704598943
6.263157894736842
6.354267456359102
9.629353233830846
6.558080808080808
11.913278894472361
13.576826196473549
0.1235813366960908
11.45187024164184
16.851522842639593
20.813117202930076
20.778481012658226
13.375
13.770271704355698
1.9952456468849915
0.06155778894472362
0.12436548223350252
0.12468193384223919
0.1856060606060606
0.12436548223350252
0.06265984654731459
