20.37562814070352
20.468354430379748
21.25375
21.89232673267327
21.42982456140351
10.910306970448318
13.53701754385965
20.674433177269187
19.04619565217391
19.48567539373585
17.64015350877193
15.104649122807016
12.992424242424242
14.589195979899497
15.959446564885495
16.16592071611253
0.7313432835820894
10.24464417474493
14.317536193165916
8.562182741116752
7.753321981623081
14.260891571917092
19.15494577178186
19.071285470415823
6.296437659033078
19.13681592039801
18.775125628140703
11.693181818181817
10.984886649874058
6.8501259445843825
3.773989898989899
6.81958762886598
15.403465346534654
18.513853904282115
16.416243654822335
18.73164556962025
18.530456852791875
18.046035805626598
18.6426735218509
7.325376884422111
11.38819095477387
10.403266331658292
7.307017543859649
7.595
8.636403508771929
6.202375015982612
13.947103274559193
17.772989633305066
14.757361368244732
17.279596977329973
19.263676844783713
16.74034441260034
18.5920146417366
3.383631713554987
6.5397845880524095
6.263157894736842
6.508771929824561
6.171052631578946
10.482587064676617
14.255667506297229
16.5
9.121346886912326
17.544202728649555
20.129707882848585
21.043616014514686
18.768637532133678
7.5601377378686205
14.539141414141413
