15.940193069939905
20.497675232783823
20.663829733099256
21.414357682619645
22.025252525252526
20.658981828270218
21.48366834170854
22.6875
20.45795523290986
17.9253164556962
14.429824561403509
19.53875
17.856965174129353
18.760705289672543
17.889187142731792
11.536552231172484
17.13157894736842
15.320253164556963
15.842105263157897
18.15736040609137
7.467254408060454
15.091022443890273
9.5
13.72
5.702046035805626
18.789473684210524
6.450632911392406
15.649567610062896
18.48354430379747
19.1875
11.040506329113924
18.808080808080806
14.896984924623116
11.10253164556962
10.370732598916963
4.85123764344208
12.5
13.815789473684209
15.296954314720812
17.646669535756025
20.01145038167939
17.903846153846153
18.0
16.875
2.860406091370558
15.968573590898375
12.00361456404831
6.956030150753769
7.252487562189055
6.2164179104477615
14.948394573731646
16.58080808080808
12.522601783885284
17.32292142530836
12.917079207920793
19.2055696186669
17.665215320287253
19.68155608757367
17.447521392266616
5.012787723785166
6.570175438596491
6.263157894736842
6.384778042378409
11.725285748642456
10.78
3.0239294710327456
14.048114689709346
6.225042007799423
20.400467248523316
19.692842926518587
21.45273631840796
20.0678391959799
5.026753083599817
14.26598020947118
