20.768090985028593
20.27467336683417
20.436568808957066
23.68702290076336
21.805
11.449748743718594
13.176787518243577
21.156297497043884
19.88389757615886
18.48090578771514
13.587477217871042
17.03274559193955
12.25
14.959167665739866
1.5664961636828645
1.2436548223350254
5.215346534653465
14.50406775057714
10.70694087403599
6.064682741116751
14.762659846547315
18.780125245516924
16.995252359326184
10.481634945810203
18.56123416910219
17.90119304715878
14.811083123425691
10.881979695431472
4.774358974358974
8.204918032786885
7.11489898989899
15.980423895998785
17.72332716867432
17.873730964467004
18.53205128205128
19.027918781725887
17.652564102564103
15.08196918938125
9.712762042535912
8.084382871536524
10.77639292956008
7.245614035087719
7.0
8.636249999999999
8.33154593796911
13.144836272040301
17.601993781208524
14.612630108188483
14.669874627606754
16.966097256857857
16.726999935745038
18.57852476908792
16.20769230769231
7.062499999999999
6.324715683681566
6.170822942643392
12.187702301351587
6.201754385964912
8.024813895781639
13.804568527918782
2.0851063829787235
10.742307692307692
17.6571072319202
21.33084577114428
20.27192799555185
8.599904104334485
14.587628033737616
1.760407593187757
