19.041772151898734
21.94029850746269
19.007556675062972
22.97636815920398
20.07894736842105
21.530617084551093
23.391652010050247
21.453045685279186
11.241895261845388
12.653164556962025
18.54556962025316
17.9253164556962
18.49873737373737
1.157960199004975
18.577608142493638
15.846461090772552
15.635678391959798
15.736219575686583
12.592875318066156
16.128140703517587
8.88125
15.043859649122808
13.026261003662533
17.068123393316196
10.114102564102563
13.624688279301745
18.573211298479052
19.035087719298247
2.5855045668594547
18.869638597025528
16.087719298245617
16.25141133880992
12.836116982899382
7.277227722772276
3.03705321557249
16.86284289276808
17.36469072164948
14.651971188653677
18.512165615737327
17.40871796816728
18.54860321238141
17.574173678764566
17.024358974358975
18.078880407124682
11.096692111959287
9.394736842105262
13.111809045226131
7.8793969849246235
6.43125
12.036159600997506
12.530534351145038
14.583157672849914
15.888613861386139
15.251557788944723
15.297110552763819
18.111079934955203
18.327766562374233
18.344341504214114
17.74984096692112
3.170380007416026
6.447368421052631
6.355263157894737
9.945544554455449
7.897208121827411
13.242690058479532
17.54396984924623
14.352802632644039
6.707182017543859
20.27157360406091
20.40656248413786
20.642908290163646
18.72456575682382
15.582514846962084
13.335443037974684
