20.633125635246806
20.79358974358974
20.488046312254188
23.20403022670025
21.156630001357975
16.896849723286508
14.322112925437734
19.807213930348258
18.636969482171562
18.666666666666664
18.529490949243808
11.236842105263158
15.896946564885495
13.58354430379747
14.67543859649123
15.205084767270696
4.899695273631841
2.9151898734177215
14.511538461538462
13.058375634517768
3.016331658291457
16.230024919666864
19.548011602167776
18.705655526992288
12.868843498273877
19.055088033992316
19.055555555555557
18.698992443324936
11.943606571902333
10.08412843803272
9.442065491183879
18.45214105793451
15.867245657568239
17.707916944259384
17.420854271356784
18.764631043256998
18.0
18.51526717557252
18.875
10.88888888888889
9.503778337531486
11.170025188916878
7.191542288557214
6.873403353384906
8.771604938271606
8.581535532994923
14.600388305162173
14.541607664256444
16.064089434514344
15.504565450778289
19.055399715034476
17.474120947630922
19.06202290076336
16.415000000000003
2.5821831869510667
6.478147315524993
6.30890350877193
6.859847256857856
10.71875
11.400990099009901
16.43440594059406
14.525445292620862
12.003304849663616
17.77930174563591
21.804999999999996
20.18904545816416
8.42975715481996
14.536765519350785
1.60174089222306
