19.258706467661693
20.78787878787879
19.887348754838126
23.389168765743072
19.99824027603513
21.58481012658228
20.325925925925926
23.78816252411758
20.913151364764268
15.54498309014133
11.076167076167076
13.89367088607595
17.125621890547265
19.307428640665254
19.157894736842103
9.524296675191815
16.47625
16.0475
15.816455696202532
15.473684210526315
18.405778894472363
17.218196601090458
2.8748409669211195
7.547979797979798
14.169966811748516
8.372481092330338
17.795077539811146
5.0240506329113925
15.74125
17.801265822784814
18.498271026851427
10.35094451371571
18.4975
14.18421052631579
11.175438596491228
9.890966463976415
1.0
10.765151515151516
7.5191815856777495
14.7994923857868
18.635201304913814
18.71700507614213
18.1128374311763
18.869949494949495
17.9253164556962
17.72223944407848
6.12484415947892
9.140862944162437
13.472214118791074
9.225685785536161
7.386934673366835
8.987437185929648
11.272558591006838
13.549242424242424
18.001824840968965
15.834605597964376
14.436114099575637
17.946635220125785
17.261363636363637
19.07229775575783
16.848544463220993
5.5063131313131315
6.3080649384655665
6.324561403508771
6.7817955112219455
6.659600997506234
10.166604412093351
13.62484102244389
2.63375
8.032044717257172
17.622500765629784
20.93859649122807
20.946564885496183
9.08000763310222
13.744458005225512
1.0571065989847714
