19.27664974619289
20.599502487562187
19.133195409093148
23.391344221105527
21.282828282828284
20.86138613861386
23.247392388593735
21.36842105263158
12.34256926952141
12.751040219663235
18.902017168683837
16.706747833929203
18.54556962025316
2.062302369349902
18.390274314214462
15.143216080402008
14.085995085995085
15.003875968992249
8.575
15.304951898868364
11.4495944635458
15.350877192982457
0.9303797468354431
18.684343434343436
13.734848484848484
13.912060301507537
16.190773067331673
18.88475592258394
6.903990024937656
19.325699745547077
16.64275498346295
13.201754385964913
13.885390428211586
5.635000000000001
5.206865577889447
8.943122571483046
15.114276631729691
18.499135220125787
16.129675810473817
18.96590909090909
15.493411772460616
17.69794344473008
17.57875
6.0625
13.201754385964913
14.008816120906802
6.792079207920793
7.887986561484684
6.201600877192982
15.579800498753118
15.414322250639387
15.141616282453361
15.657894736842106
14.59057071960298
18.917721518987342
16.94070970741086
19.63708892968725
16.870729446362358
5.827365728900255
6.277363184079602
6.18625
6.623708253939576
6.155778894472361
16.90178141012339
1.5545685279187815
14.650599488671428
6.208885348538208
7.524111675126904
18.86761776051977
21.114321608040196
20.20175438596491
4.651898734177215
14.362509462257181
