19.758064516129032
21.398969681060503
19.52647006964648
23.44273597635417
20.487593052109183
20.920654911838792
21.24561403508772
23.003193578553613
21.77777777777778
19.076174613218203
2.756713554987212
13.323453608247421
18.147598761501133
16.00502512562814
17.596009975062344
18.406091370558375
12.870292470841155
19.64912280701754
15.483502538071065
15.204773869346733
17.823749999999997
15.095959595959595
14.373860158294624
7.91903607867084
1.368020304568528
14.30203045685279
15.444303797468356
15.701995012468826
14.562659846547312
14.772952853598014
19.395562319060446
18.484654731457802
17.395618686868687
18.99368686868687
15.481861448299433
12.03631234413965
13.078947368421053
8.446925868525168
11.880653266331658
4.601522842639594
15.343122662392185
18.175438596491226
17.59771573604061
18.731802994281306
18.039649766058048
14.852496467263308
16.016795865633075
5.3385149769770095
8.39140350877193
13.912060301507537
12.7138984181437
7.1767676767676765
9.301488833746898
12.467088607594938
12.985000000000001
17.63622939257692
14.624999999999998
15.690500905499501
19.4775
16.220400246848275
17.281012658227848
16.166240409207163
5.786978300883378
6.340452261306533
7.748201754385966
6.7545402450850744
7.104999999999999
9.670975877192982
14.353535353535353
2.5952080706179066
4.955949044996296
18.803749999999997
21.1061059209897
20.32456140350877
4.9119744498403115
14.29386128936591
5.4479030371985715
