17.69794344473008
21.581885856079403
19.92171717171717
19.90625
21.453045685279186
20.39625
20.45812182741117
21.422110552763815
22.6625
20.41670518831583
5.547714755048797
14.761249999999999
19.624685138539043
19.700466349490117
18.86497512816608
2.072139303482587
18.652010050251256
18.698992443324936
12.836272040302266
16.242106115231103
18.14588528678304
17.01388888888889
15.25125
9.26522842639594
15.048223350253808
4.536011234702749
18.236842105263154
11.096692111959287
13.733008447043536
19.351898734177215
18.886156909141796
4.542639828153791
18.803749999999997
18.967741935483872
15.1955807239618
10.827020202020202
10.539895906958813
2.749376558603491
12.722365038560412
13.611111111111109
17.621433210930114
18.390274314214462
19.342367256637168
17.998505770404606
18.141221374045802
18.59263959390863
2.3880139898284964
15.568354430379745
11.42750644518936
7.148379052369078
7.899244332493702
6.140465961820668
14.992537313432836
12.127271170610213
17.081424936386767
16.971032745591938
14.683553893364019
15.067347256857856
18.575566750629722
18.31363506127127
20.2172236503856
19.49002493765586
6.853563704598943
6.263157894736842
6.354267456359102
9.629353233830846
6.558080808080808
11.913278894472361
13.576826196473549
0.1235813366960908
11.45187024164184
16.851522842639593
20.813117202930076
20.778481012658226
13.375
13.770271704355698
1.9952456468849915
