0.0
0.751918158567775
0.2519280205655527
0.24317617866004962
18.096446700507617
18.312564015022186
18.481389578163768
18.267002518891687
22.77638190954774
22.530150753768847
19.9375
20.40648379052369
20.87037037037037
20.875
3.5524999999999993
21.64975247524752
19.464147324369357
16.89376913240594
14.181034482758621
8.229007633587786
6.264089434514345
6.537406483790525
6.903990024937656
12.712846347607051
7.4725
6.615
6.24765350877193
6.4635678391959805
6.72039428791206
11.57960199004975
6.2952972380604475
6.415211970074814
6.232997481108313
6.125
6.525125628140703
10.569825436408978
6.278894472361809
6.140350877192982
6.633949549764447
7.150857803765341
6.203324808184142
6.1736459855130565
6.201600877192982
6.615
7.435932835820895
6.201600877192982
6.444775158877001
6.202064118058648
6.278894472361809
6.094679346410095
6.293017456359103
6.788413098236776
6.478108697087763
6.263157894736842
11.120053386069085
19.513356254959007
13.140350877192981
10.14214463840399
8.679648241206031
8.639798488664987
6.570175438596491
8.00525220432491
6.619327699101569
6.444471946684159
6.664678067965885
6.75438596491228
6.788413098236776
17.046134663341643
18.41259581155639
9.751243781094526
20.602272727272727
0.1225
0.12373737373737374
0.12405063291139241
0.1225
0.1856060606060606
0.12373737373737374
0.12280701754385964
0.18421052631578946
0.12373737373737374
0.1225
19.055855773060077
20.282278481012657
20.00950474690467
24.010307788944722
21.7699486656251
20.263157894736842
21.142131979695428
19.319651741293534
22.876798628428926
22.5625
20.68888888888889
16.394278606965173
20.991206030150753
20.426952141057935
1.6496259351620948
21.328680203045685
19.428927680798004
16.189698492462313
14.7994923857868
6.703980099502487
6.339298628428927
6.232997481108313
6.947913177255866
13.273084795321637
8.166666666666666
6.445952246109945
6.356423173803527
6.186480552070264
7.2275
11.544168209468394
6.680883138691703
6.170822942643392
6.18625
6.1710142063544335
7.331670822942644
11.877614337510337
6.140350877192982
6.201754385964912
6.873517768079799
6.709798994974875
6.140350877192982
6.217336683417085
6.894472361809045
6.598503740648379
6.676250000000001
6.155700896267724
6.372318906953668
6.231920199501248
6.140350877192982
6.171052631578946
6.921250000000001
6.417404167641026
6.2475000000000005
6.186519170507493
15.493998538011693
13.727386934673365
8.750077140086393
12.035087719298245
8.886417579778072
6.460199004975125
8.872692029699717
7.629113924050633
6.569106442436622
6.463722896598864
6.582089552238806
6.463259278850392
13.315453206890515
18.343240276035132
8.556532663316583
19.79310344827586
0.06282051282051282
0.1225
0.1234256926952141
0.12311557788944724
0.1225
0.06171284634760705
0.12311557788944724
0.12280701754385964
0.12373737373737374
0.2474747474747475
0.06171284634760705
0.18467336683417085
0.12311557788944724
0.06186868686868687
0.06202531645569621
18.684343434343432
19.7979797979798
16.516627389368946
15.618749999999999
23.58354114713217
20.929648241206028
19.450381679389313
20.223192019950126
19.92132903691875
19.724050632911393
21.927500000000002
22.897101449275365
20.375
20.366004962779158
20.01145038167939
19.982472949302455
16.16876574307305
22.267088607594935
21.468434343434346
17.82981435643564
16.107052896725442
18.83668341708543
8.362051866989844
6.415211970074814
6.3541147132169575
6.4635678391959805
11.582920792079207
8.084382871536524
6.6315789473684195
6.1556633291614515
6.324561403508771
6.8294133291614525
13.074812967581046
7.294482424638839
6.217336683417085
6.171129771665344
6.144440344727617
6.416628241442153
11.82017543859649
6.231920199501248
6.232997481108313
6.217336683417085
6.584451754385966
6.217336683417085
6.125
6.422495000084033
6.492500000000001
6.798750000000001
6.186480648858326
6.402010050251257
6.170822942643392
6.155778894472361
6.201754385964912
6.140331664580726
6.69298245614035
6.278163329161452
6.217336683417085
14.558849730800386
18.19125
10.270202020202019
11.974836683417085
7.220403022670025
8.672029702970297
6.324715683681566
7.691139240506329
6.478186031115524
6.819154112201874
6.402165107654141
6.603119501791071
8.492518703241895
17.99024450987686
18.65333117064855
11.789473684210526
19.42676767676768
0.12373737373737374
0.12628865979381443
0.12827225130890052
0.12311557788944724
0.12499999999999999
0.12280701754385964
