19.203147504871644
18.581653320772492
21.37625
23.76865671641791
20.344303797468353
18.123517883390495
20.0178531972248
20.79326923076923
20.68888888888889
23.044554455445542
20.98628551073114
19.95614035087719
20.416666666666668
21.955957879470972
17.106138107416882
15.387634499703465
20.93308027399855
18.421052631578945
16.146310432569972
19.2456374885367
11.428979436405182
6.483460559796437
6.400895334174022
6.171284634760705
8.852417302798983
11.453750000000001
6.596267409126446
6.280456852791878
6.369087352183803
6.263157894736842
9.540188278112526
10.234177215189874
6.201563218678524
6.217336683417085
6.170785277708076
6.3106060606060606
11.29345088161209
6.399253731343283
6.171246605149056
6.125
6.874999999999999
6.160852969243192
6.246287128712871
6.217336683417085
6.496212121212121
7.1715599407617425
6.170822942643392
6.140350877192982
6.441656055574396
6.18625
6.250243427458617
6.200992555831266
6.902284263959391
6.327330360013521
6.248737373737375
7.762376237623762
17.18754154884255
15.373597256857854
8.8151364764268
11.846111210819142
7.567088607594938
6.87719298245614
7.356234096692113
7.54106290948413
6.8428927680798015
6.591370558375635
6.292488354882244
6.619949494949496
12.968343045843046
15.358208955223878
16.740648379052367
8.02360017996781
