0.0
0.7461928934010152
0.31170483460559795
0.2532299741602067
0.5540201005025126
0.25063938618925835
0.3077889447236181
0.43090452261306533
16.5625
21.241379310344826
19.526315789473685
19.8681592039801
22.701265822784812
21.269900497512438
21.859649122807017
19.041772151898734
20.59240506329114
20.47761194029851
7.981060606060607
21.277915632754343
20.100997506234414
15.852941176470589
14.874042693941938
7.88336389194475
6.293477988445971
6.358462975488776
6.798750000000001
11.125763860597756
8.371859296482413
6.686744478142327
6.29643765903308
6.367574257425742
6.929449558879938
11.185953738053707
6.8576653944020345
6.18625
6.205982919761396
6.247962846347607
6.685901868062671
11.928966347630574
6.4136125654450264
6.310294379563901
6.263312174909636
7.03510942622432
6.3106060606060606
6.109725685785536
6.186986704732397
6.714516815666241
7.524111675126904
6.230566198382291
6.232997481108313
6.340452261306533
6.171091153228114
6.170370370370371
6.232997481108313
6.964467005076143
6.418448490259223
6.278740192189015
8.758597256857856
14.29819145448585
12.37499359072963
9.99655309558531
8.308168316831683
7.826079545454545
6.434343434343435
7.76252671793234
6.5249713479679095
6.3406073187094165
6.648086925857357
6.217336683417085
11.229166666666666
18.319419073849453
18.42089912280702
11.908860759493672
20.692982456140353
0.09210526315789473
0.12628865979381443
0.12468193384223919
0.12436548223350252
0.12468193384223919
0.06140350877192982
0.12468193384223919
0.12564102564102564
15.496249999999998
19.380597014925375
18.23955773955774
19.27664974619289
23.8859649122807
19.87153652392947
19.49137931034483
20.740409207161125
20.858942065491185
23.383544303797468
20.84050632911393
19.7979797979798
19.521927938773754
20.510178117048348
20.37682926829268
2.5
21.445488559366787
17.156327908274037
15.304010607192131
13.70290117802712
8.238278894472362
6.278894472361809
6.367424520229801
6.902284263959391
12.342183848554713
8.42250181147487
6.434343434343435
6.247119664833727
6.326739703142067
6.87719298245614
11.275027605116563
7.052109181141439
6.232303014393839
6.187499999999999
6.1554726368159205
6.629014325953484
12.437339352372094
6.388607594936709
6.200842075522688
6.280456852791878
6.894472361809045
6.171091153228114
6.404822335025379
6.200992555831266
6.875159846547314
7.307017543859649
6.232456140350878
6.203164961636828
6.3833746898263035
6.234096692111959
6.171284634760705
6.2162303308982585
6.717995929814418
6.664507772020726
6.262932857729095
6.232997481108313
12.930070882663621
16.00253164556962
10.699367088607595
10.182619647355162
7.412025316455696
7.485489315263185
6.771356783919598
7.547979797979799
6.508926209997354
6.488861386138614
6.455020947595396
6.418136020151135
9.464547677261614
18.494782008585478
0.2545454545454545
18.390274314214462
0.06109725685785536
0.06202531645569621
0.06347150259067358
0.06265984654731459
0.12373737373737374
0.1875
0.06155778894472362
0.0
0.031249999999999997
0.12564102564102564
0.1225
0.06249999999999999
0.12596401028277635
0.06155778894472362
19.203147504871644
18.581653320772492
21.37625
23.76865671641791
20.344303797468353
18.123517883390495
20.0178531972248
20.79326923076923
20.68888888888889
23.044554455445542
20.98628551073114
19.95614035087719
20.416666666666668
21.955957879470972
17.106138107416882
15.387634499703465
20.93308027399855
18.421052631578945
16.146310432569972
19.2456374885367
11.428979436405182
6.483460559796437
6.400895334174022
6.171284634760705
8.852417302798983
11.453750000000001
6.596267409126446
6.280456852791878
6.369087352183803
6.263157894736842
9.540188278112526
10.234177215189874
6.201563218678524
6.217336683417085
6.170785277708076
6.3106060606060606
11.29345088161209
6.399253731343283
6.171246605149056
6.125
6.874999999999999
6.160852969243192
6.246287128712871
6.217336683417085
6.496212121212121
7.1715599407617425
6.170822942643392
6.140350877192982
6.441656055574396
6.18625
6.250243427458617
6.200992555831266
6.902284263959391
6.327330360013521
6.248737373737375
7.762376237623762
17.18754154884255
15.373597256857854
8.8151364764268
11.846111210819142
7.567088607594938
6.87719298245614
7.356234096692113
7.54106290948413
6.8428927680798015
6.591370558375635
6.292488354882244
6.619949494949496
12.968343045843046
15.358208955223878
16.740648379052367
8.02360017996781
0.12098765432098765
0.1875
0.06155778894472362
0.12373737373737374
0.12405063291139241
0.12280701754385964
0.1234256926952141
0.1860759493670886
0.12436548223350252
0.24810126582278483
0.18846153846153846
0.12531969309462918
0.18846153846153846
0.1875
0.12760416666666666
0.12661498708010335
0.18797953964194375
0.12405063291139241
0.18329177057356608
0.3125
0.06109725685785536
0.12373737373737374
0.1225
0.06202531645569621
0.1865482233502538
0.06218274111675126
0.1234256926952141
0.060945273631840796
0.12499999999999999
0.1856060606060606
0.06202531645569621
0.062340966921119595
0.18421052631578946
0.1225
0.06314432989690721
0.18797953964194375
0.12311557788944724
0.1875
0.06125
0.1860759493670886
0.06186868686868687
0.12436548223350252
0.06218274111675126
0.1856060606060606
0.1234256926952141
0.06218274111675126
0.12596401028277635
0.18702290076335878
0.06202531645569621
0.12468193384223919
0.2532299741602067
0.12596401028277635
0.06298200514138817
0.1860759493670886
0.18943298969072164
0.12661498708010335
0.18702290076335878
0.12405063291139241
0.12436548223350252
0.06155778894472362
0.12373737373737374
0.12280701754385964
0.06347150259067358
0.1234256926952141
0.12373737373737374
0.12405063291139241
0.12436548223350252
0.06171284634760705
0.06202531645569621
0.1234256926952141
0.06186868686868687
0.18467336683417085
0.0
0.0617906683480454
0.12436548223350252
0.06155778894472362
0.06186868686868687
0.1225
0.1856060606060606
0.1856060606060606
0.0
0.06171284634760705
0.12311557788944724
0.060945273631840796
0.06155778894472362
0.18513853904282115
0.062340966921119595
0.12373737373737374
0.06171284634760705
0.0639686684073107
0.12694300518134716
0.06298200514138817
