19.055855773060077
20.282278481012657
20.00950474690467
24.010307788944722
21.7699486656251
20.263157894736842
21.142131979695428
19.319651741293534
22.876798628428926
22.5625
20.68888888888889
16.394278606965173
20.991206030150753
20.426952141057935
1.6496259351620948
21.328680203045685
19.428927680798004
16.189698492462313
14.7994923857868
6.703980099502487
6.339298628428927
6.232997481108313
6.947913177255866
13.273084795321637
8.166666666666666
6.445952246109945
6.356423173803527
6.186480552070264
7.2275
11.544168209468394
6.680883138691703
6.170822942643392
6.18625
6.1710142063544335
7.331670822942644
11.877614337510337
6.140350877192982
6.201754385964912
6.873517768079799
6.709798994974875
6.140350877192982
6.217336683417085
6.894472361809045
6.598503740648379
6.676250000000001
6.155700896267724
6.372318906953668
6.231920199501248
6.140350877192982
6.171052631578946
6.921250000000001
6.417404167641026
6.2475000000000005
6.186519170507493
15.493998538011693
13.727386934673365
8.750077140086393
12.035087719298245
8.886417579778072
6.460199004975125
8.872692029699717
7.629113924050633
6.569106442436622
6.463722896598864
6.582089552238806
6.463259278850392
13.315453206890515
18.343240276035132
8.556532663316583
19.79310344827586
