16.5625
21.241379310344826
19.526315789473685
19.8681592039801
22.701265822784812
21.269900497512438
21.859649122807017
19.041772151898734
20.59240506329114
20.47761194029851
7.981060606060607
21.277915632754343
20.100997506234414
15.852941176470589
14.874042693941938
7.88336389194475
6.293477988445971
6.358462975488776
6.798750000000001
11.125763860597756
8.371859296482413
6.686744478142327
6.29643765903308
6.367574257425742
6.929449558879938
11.185953738053707
6.8576653944020345
6.18625
6.205982919761396
6.247962846347607
6.685901868062671
11.928966347630574
6.4136125654450264
6.310294379563901
6.263312174909636
7.03510942622432
6.3106060606060606
6.109725685785536
6.186986704732397
6.714516815666241
7.524111675126904
6.230566198382291
6.232997481108313
6.340452261306533
6.171091153228114
6.170370370370371
6.232997481108313
6.964467005076143
6.418448490259223
6.278740192189015
8.758597256857856
14.29819145448585
12.37499359072963
9.99655309558531
8.308168316831683
7.826079545454545
6.434343434343435
7.76252671793234
6.5249713479679095
6.3406073187094165
6.648086925857357
6.217336683417085
11.229166666666666
18.319419073849453
18.42089912280702
11.908860759493672
20.692982456140353
