15.496249999999998
19.380597014925375
18.23955773955774
19.27664974619289
23.8859649122807
19.87153652392947
19.49137931034483
20.740409207161125
20.858942065491185
23.383544303797468
20.84050632911393
19.7979797979798
19.521927938773754
20.510178117048348
20.37682926829268
2.5
21.445488559366787
17.156327908274037
15.304010607192131
13.70290117802712
8.238278894472362
6.278894472361809
6.367424520229801
6.902284263959391
12.342183848554713
8.42250181147487
6.434343434343435
6.247119664833727
6.326739703142067
6.87719298245614
11.275027605116563
7.052109181141439
6.232303014393839
6.187499999999999
6.1554726368159205
6.629014325953484
12.437339352372094
6.388607594936709
6.200842075522688
6.280456852791878
6.894472361809045
6.171091153228114
6.404822335025379
6.200992555831266
6.875159846547314
7.307017543859649
6.232456140350878
6.203164961636828
6.3833746898263035
6.234096692111959
6.171284634760705
6.2162303308982585
6.717995929814418
6.664507772020726
6.262932857729095
6.232997481108313
12.930070882663621
16.00253164556962
10.699367088607595
10.182619647355162
7.412025316455696
7.485489315263185
6.771356783919598
7.547979797979799
6.508926209997354
6.488861386138614
6.455020947595396
6.418136020151135
9.464547677261614
18.494782008585478
0.2545454545454545
18.390274314214462
