17.411167512690355
20.466830466830466
17.57070707070707
20.488125665767072
22.23940149625935
20.716455696202534
20.017543859649123
20.022842639593907
21.317401960784313
22.311414392059554
21.422110552763815
21.05276381909548
20.621859296482413
20.76633398285886
5.956140350877193
21.445137157107233
19.144472361809044
15.443020977789518
17.279596977329977
9.565491183879093
6.231920199501246
6.445760598503741
6.2475000000000005
9.541457286432161
12.003768844221106
6.903990024937656
6.43125
6.339374999999999
6.217336683417085
9.157178217821782
10.66046437659033
6.247347256857855
6.217336683417085
6.18625
6.278124999999999
11.605263157894736
6.599267456359102
6.155624614299567
6.201754385964912
7.4298245614035086
6.094221105527638
6.216990276035132
6.262697368421052
6.586683417085427
8.320213960245658
6.2475000000000005
6.18625
6.310941021284207
6.231996475727038
6.248737373737375
6.155778894472361
6.6903027518922
6.5249713479679095
6.2475000000000005
8.085
13.90083151897245
12.15743073047859
9.271929824561402
8.197368421052632
9.133501259445843
6.231655884992717
7.491228070175438
8.228223672493193
6.75438596491228
6.4475227012254255
6.593529161345253
7.629113924050633
18.857016005310193
18.557949950621424
14.87295181029438
