16.596774193548384
20.40621490724534
18.579691516709513
21.156327543424318
23.265743073047858
20.791563275434243
19.118863049095605
20.231060606060606
20.620515837132388
20.100997506234414
23.22648514851485
20.58248730964467
19.830445544554458
19.562659846547316
19.34529702970297
19.875434782608696
19.144472361809044
17.545784661154133
20.831218274111677
19.32056592039801
16.810913705583754
18.405472636815922
10.064544597989949
6.30875
6.539435258986012
7.202261306532663
12.650125628140701
7.982456140350877
7.368421052631579
6.18625
6.525125628140703
6.81578947368421
12.117707609107448
7.576059850374066
6.278894472361809
6.18625
6.109725685785536
6.5393969298245604
9.840267133021769
6.248000012578537
6.078947368421052
6.216951754385966
8.207347256857856
6.231920199501246
6.140273542799063
6.232072942643392
6.479848866498741
7.356155778894472
6.231920199501246
6.278894472361809
6.160801628445069
6.263157894736842
6.201754385964912
6.094413329161451
6.86
6.170822942643392
6.237770378162706
10.197802454708672
16.931493107856667
12.78365547312248
8.177920353982302
10.31578947368421
7.881546134663342
6.329183694745621
7.920745614035088
6.356423173803527
6.278240276035132
6.5126582278481004
6.494463173370002
6.603274559193955
11.945273631840797
14.669197462363087
16.002531645569622
7.457476415094339
