18.684343434343432
19.7979797979798
16.516627389368946
15.618749999999999
23.58354114713217
20.929648241206028
19.450381679389313
20.223192019950126
19.92132903691875
19.724050632911393
21.927500000000002
22.897101449275365
20.375
20.366004962779158
20.01145038167939
19.982472949302455
16.16876574307305
22.267088607594935
21.468434343434346
17.82981435643564
16.107052896725442
18.83668341708543
8.362051866989844
6.415211970074814
6.3541147132169575
6.4635678391959805
11.582920792079207
8.084382871536524
6.6315789473684195
6.1556633291614515
6.324561403508771
6.8294133291614525
13.074812967581046
7.294482424638839
6.217336683417085
6.171129771665344
6.144440344727617
6.416628241442153
11.82017543859649
6.231920199501248
6.232997481108313
6.217336683417085
6.584451754385966
6.217336683417085
6.125
6.422495000084033
6.492500000000001
6.798750000000001
6.186480648858326
6.402010050251257
6.170822942643392
6.155778894472361
6.201754385964912
6.140331664580726
6.69298245614035
6.278163329161452
6.217336683417085
14.558849730800386
18.19125
10.270202020202019
11.974836683417085
7.220403022670025
8.672029702970297
6.324715683681566
7.691139240506329
6.478186031115524
6.819154112201874
6.402165107654141
6.603119501791071
8.492518703241895
17.99024450987686
18.65333117064855
11.789473684210526
19.42676767676768
