18.096446700507617
18.312564015022186
18.481389578163768
18.267002518891687
22.77638190954774
22.530150753768847
19.9375
20.40648379052369
20.87037037037037
20.875
3.5524999999999993
21.64975247524752
19.464147324369357
16.89376913240594
14.181034482758621
8.229007633587786
6.264089434514345
6.537406483790525
6.903990024937656
12.712846347607051
7.4725
6.615
6.24765350877193
6.4635678391959805
6.72039428791206
11.57960199004975
6.2952972380604475
6.415211970074814
6.232997481108313
6.125
6.525125628140703
10.569825436408978
6.278894472361809
6.140350877192982
6.633949549764447
7.150857803765341
6.203324808184142
6.1736459855130565
6.201600877192982
6.615
7.435932835820895
6.201600877192982
6.444775158877001
6.202064118058648
6.278894472361809
6.094679346410095
6.293017456359103
6.788413098236776
6.478108697087763
6.263157894736842
11.120053386069085
19.513356254959007
13.140350877192981
10.14214463840399
8.679648241206031
8.639798488664987
6.570175438596491
8.00525220432491
6.619327699101569
6.444471946684159
6.664678067965885
6.75438596491228
6.788413098236776
17.046134663341643
18.41259581155639
9.751243781094526
20.602272727272727
