18.547314578005114
19.68547536631059
21.43719451371571
20.056675062972296
23.278054862842893
21.86828644501279
20.599960722702278
21.15723019670388
20.68341708542713
9.11086287862486
21.607928589793843
18.79906985852109
15.601536362850759
17.732897239163222
8.187032418952619
6.3084445137157115
6.340452261306533
6.525125628140703
12.041172812408545
10.5
7.457650366286554
6.2165698936737765
6.434187593822355
7.043597256857855
10.88213399503722
7.0354203241482836
6.247194513715711
6.201754385964912
6.2475000000000005
6.447368421052631
13.502493765586035
6.5770842292805805
6.539995431703974
6.18625
8.166666666666666
6.125
6.170975685785536
6.3084445137157115
6.570329718769285
7.325222604249317
6.2475000000000005
6.278894472361809
6.385964912280701
6.186246982907245
6.248426475813411
6.201143784798093
6.619793654428416
6.37
6.37
8.535087719298245
15.863298336423354
12.311712846347607
10.815438705866912
9.26460031789981
7.851227772277847
6.324561403508771
7.672705725957701
6.340452261306533
6.447368421052631
6.648241206030151
6.43125
6.324484553059745
15.198814378445942
18.4013346470799
18.589836683417083
9.164588528678305
