0.0
0.6892583120204603
0.2512820512820513
0.3070175438596491
0.31170483460559795
0.48756218905472637
0.2468513853904282
18.547314578005114
19.68547536631059
21.43719451371571
20.056675062972296
23.278054862842893
21.86828644501279
20.599960722702278
21.15723019670388
20.68341708542713
9.11086287862486
21.607928589793843
18.79906985852109
15.601536362850759
17.732897239163222
8.187032418952619
6.3084445137157115
6.340452261306533
6.525125628140703
12.041172812408545
10.5
7.457650366286554
6.2165698936737765
6.434187593822355
7.043597256857855
10.88213399503722
7.0354203241482836
6.247194513715711
6.201754385964912
6.2475000000000005
6.447368421052631
13.502493765586035
6.5770842292805805
6.539995431703974
6.18625
8.166666666666666
6.125
6.170975685785536
6.3084445137157115
6.570329718769285
7.325222604249317
6.2475000000000005
6.278894472361809
6.385964912280701
6.186246982907245
6.248426475813411
6.201143784798093
6.619793654428416
6.37
6.37
8.535087719298245
15.863298336423354
12.311712846347607
10.815438705866912
9.26460031789981
7.851227772277847
6.324561403508771
7.672705725957701
6.340452261306533
6.447368421052631
6.648241206030151
6.43125
6.324484553059745
15.198814378445942
18.4013346470799
18.589836683417083
9.164588528678305
0.06125
0.12373737373737374
0.1860759493670886
0.12373737373737374
0.12405063291139241
0.12311557788944724
0.12661498708010335
17.411167512690355
20.466830466830466
17.57070707070707
20.488125665767072
22.23940149625935
20.716455696202534
20.017543859649123
20.022842639593907
21.317401960784313
22.311414392059554
21.422110552763815
21.05276381909548
20.621859296482413
20.76633398285886
5.956140350877193
21.445137157107233
19.144472361809044
15.443020977789518
17.279596977329977
9.565491183879093
6.231920199501246
6.445760598503741
6.2475000000000005
9.541457286432161
12.003768844221106
6.903990024937656
6.43125
6.339374999999999
6.217336683417085
9.157178217821782
10.66046437659033
6.247347256857855
6.217336683417085
6.18625
6.278124999999999
11.605263157894736
6.599267456359102
6.155624614299567
6.201754385964912
7.4298245614035086
6.094221105527638
6.216990276035132
6.262697368421052
6.586683417085427
8.320213960245658
6.2475000000000005
6.18625
6.310941021284207
6.231996475727038
6.248737373737375
6.155778894472361
6.6903027518922
6.5249713479679095
6.2475000000000005
8.085
13.90083151897245
12.15743073047859
9.271929824561402
8.197368421052632
9.133501259445843
6.231655884992717
7.491228070175438
8.228223672493193
6.75438596491228
6.4475227012254255
6.593529161345253
7.629113924050633
18.857016005310193
18.557949950621424
14.87295181029438
0.12405063291139241
0.18421052631578946
0.12436548223350252
0.12468193384223919
0.12311557788944724
0.06218274111675126
0.12499999999999999
16.596774193548384
20.40621490724534
18.579691516709513
21.156327543424318
23.265743073047858
20.791563275434243
19.118863049095605
20.231060606060606
20.620515837132388
20.100997506234414
23.22648514851485
20.58248730964467
19.830445544554458
19.562659846547316
19.34529702970297
19.875434782608696
19.144472361809044
17.545784661154133
20.831218274111677
19.32056592039801
16.810913705583754
18.405472636815922
10.064544597989949
6.30875
6.539435258986012
7.202261306532663
12.650125628140701
7.982456140350877
7.368421052631579
6.18625
6.525125628140703
6.81578947368421
12.117707609107448
7.576059850374066
6.278894472361809
6.18625
6.109725685785536
6.5393969298245604
9.840267133021769
6.248000012578537
6.078947368421052
6.216951754385966
8.207347256857856
6.231920199501246
6.140273542799063
6.232072942643392
6.479848866498741
7.356155778894472
6.231920199501246
6.278894472361809
6.160801628445069
6.263157894736842
6.201754385964912
6.094413329161451
6.86
6.170822942643392
6.237770378162706
10.197802454708672
16.931493107856667
12.78365547312248
8.177920353982302
10.31578947368421
7.881546134663342
6.329183694745621
7.920745614035088
6.356423173803527
6.278240276035132
6.5126582278481004
6.494463173370002
6.603274559193955
11.945273631840797
14.669197462363087
16.002531645569622
7.457476415094339
0.12499999999999999
0.06125
0.12311557788944724
0.12405063291139241
0.1860759493670886
0.06202531645569621
0.1860759493670886
0.06125
0.12468193384223919
0.12564102564102564
0.12596401028277635
0.12405063291139241
