18.94584382871536
21.791457286432163
21.044080604534006
19.513819095477384
9.76269035532995
0.06064356435643564
4.696560904693207
13.34495291644703
6.441031941031941
18.86994949494949
21.663793103448278
22.32911392405063
20.223192019950126
20.136132315521632
22.129032258064516
6.4375
0.24561403508771928
0.8919325935735077
10.784670825744952
7.823045511221945
0.37012202068275885
0.5547953875169298
0.8852650090413541
0.37278159737839744
0.40371554327571807
0.3085642317380352
0.2790356092571282
0.24700956937799043
0.36446782178217824
1.0117975285501057
0.06109725685785536
0.15343201754385966
0.1234256926952141
0.6147500467967616
0.06481481481481481
0.1847110600841944
0.12280701754385964
8.166976004242343
14.934508816120909
7.008235819277492
6.37015350877193
6.155624614299567
2.2105263157894735
15.024173027989821
17.677530039195528
14.301873032191738
6.324561403508771
7.921052631578947
5.833333333333333
0.2468513853904282
2.7261353937379273
