19.6
21.614035087719298
19.73611111111111
21.69013715710723
11.404092071611252
0.06140350877192982
3.263338101084769
11.845101781170484
6.278586683417085
1.4554455445544554
18.575879220737814
22.97196215416793
21.791457286432163
20.241813602015114
22.23375
20.858942065491185
9.222956875800572
0.310126582278481
7.339420654911838
5.39
7.344161277797861
0.49762015473837845
0.6889386189258312
0.4657803659201797
0.3766017443766805
0.4313696948217156
0.40665204441710645
0.3659756082430739
0.24920564188011005
0.9317453296395827
2.288985573620334
0.49246231155778897
0.1856060606060606
0.12189054726368159
0.08256177915477415
0.06202531645569621
0.18490624623749263
0.4949494949494949
6.75438596491228
14.624999999999998
10.192982456140351
6.201754385964912
4.666666666666666
1.5964912280701753
14.422879177377894
19.79829385222786
16.05763581005288
16.312814070351756
7.140703517587939
6.18625
2.3523588033661165
