17.784263959390863
21.831683168316832
20.385496183206108
21.551870705886753
20.241813602015114
22.11125
21.577411167512686
11.59873417721519
6.263157894736842
5.954430379746835
14.089058524173028
6.3658419426831605
16.353749999999998
23.494478976687635
20.612090680100753
19.2544080604534
19.441542288557216
22.745449120603013
23.695707070707073
21.58910891089109
20.68341708542713
21.05276381909548
22.13705583756345
5.620947630922694
0.12468193384223919
1.8847111664517278
9.241772151898733
7.618159203980099
0.37404580152671757
0.44087403598971725
0.7170805594059728
0.3704329186067222
0.34240104122470943
0.36796052631578946
0.24778800664876616
0.20503834964295162
0.1234256926952141
1.7112944162436547
0.06125
0.12219451371571072
0.06186868686868687
0.09315857698401267
0.0
0.09229816213315657
1.6042246674621061
9.179746835443037
13.685785536159603
7.19493670886076
6.232610809138715
6.832914572864321
12.956140350877194
18.093473451327434
14.7
12.403508771929825
6.324561403508771
6.186059403357744
2.5789473684210527
