17.198275862068968
21.89462423875267
19.771929824561404
20.140350877192983
14.837150127226462
6.637931034482759
0.12468193384223919
7.092531240272157
15.37531969309463
11.236842105263158
21.422033315889358
22.261430395913155
20.570175438596493
19.73611111111111
22.39113924050633
19.332506203473944
8.636249999999999
0.18654822335025378
5.0507658010444665
3.162977880066488
7.468774548311076
0.43702290076335876
0.7187101910828025
0.4916909106938199
0.40549635209079243
0.31170483460559795
0.8042929292929292
0.45551697300569133
0.1873409669211196
0.7738785272099933
3.0778894472361804
0.06202531645569621
0.06171284634760705
0.14533960669215487
0.06109725685785536
0.09284292651858929
0.12373737373737374
0.3759590792838875
6.784615384615385
11.1915077618873
3.3660957621317213
9.640350877192981
6.263312174909636
5.7105263157894735
5.047275852948955
20.80653266331658
15.4
11.052785859120162
6.508618421052632
6.278894472361809
2.1545226130653266
4.974619289340102
