0.0
0.8002512562814071
0.18193069306930693
0.24257425742574257
0.42450495049504955
0.1875
18.94584382871536
21.791457286432163
21.044080604534006
19.513819095477384
9.76269035532995
0.06064356435643564
4.696560904693207
13.34495291644703
6.441031941031941
18.86994949494949
21.663793103448278
22.32911392405063
20.223192019950126
20.136132315521632
22.129032258064516
6.4375
0.24561403508771928
0.8919325935735077
10.784670825744952
7.823045511221945
0.37012202068275885
0.5547953875169298
0.8852650090413541
0.37278159737839744
0.40371554327571807
0.3085642317380352
0.2790356092571282
0.24700956937799043
0.36446782178217824
1.0117975285501057
0.06109725685785536
0.15343201754385966
0.1234256926952141
0.6147500467967616
0.06481481481481481
0.1847110600841944
0.12280701754385964
8.166976004242343
14.934508816120909
7.008235819277492
6.37015350877193
6.155624614299567
2.2105263157894735
15.024173027989821
17.677530039195528
14.301873032191738
6.324561403508771
7.921052631578947
5.833333333333333
0.2468513853904282
2.7261353937379273
0.1225
0.18329177057356608
0.12373737373737374
0.1875
0.18329177057356608
0.18467336683417085
0.1234256926952141
0.1225
0.1234256926952141
0.18702290076335878
0.06125
0.1856060606060606
0.06186868686868687
0.18329177057356608
0.06171284634760705
0.18513853904282115
0.12219451371571072
0.12373737373737374
0.12189054726368159
0.24561403508771928
0.1860759493670886
0.06155778894472362
0.18421052631578946
0.1234256926952141
0.12311557788944724
0.06140350877192982
0.12373737373737374
0.18421052631578946
0.12405063291139241
0.18467336683417085
0.1234256926952141
0.12189054726368159
0.18513853904282115
0.12311557788944724
0.06125
0.2468513853904282
0.12436548223350252
0.12219451371571072
0.12405063291139241
0.1856060606060606
0.12189054726368159
0.12311557788944724
0.12405063291139241
0.12158808933002481
0.12280701754385964
0.1856060606060606
0.06125
0.12373737373737374
0.12189054726368159
0.1856060606060606
0.12405063291139241
0.12311557788944724
0.12280701754385964
0.1234256926952141
0.1860759493670886
0.12158808933002481
0.06155778894472362
0.18421052631578946
0.06202531645569621
0.30625
0.12436548223350252
0.060945273631840796
0.2468513853904282
0.12436548223350252
0.18283582089552236
0.1234256926952141
0.18467336683417085
0.12219451371571072
0.12311557788944724
0.12311557788944724
0.12311557788944724
0.18513853904282115
0.1856060606060606
0.12189054726368159
0.18375
0.062340966921119595
0.1225
0.12311557788944724
0.12373737373737374
0.12280701754385964
0.12311557788944724
0.06155778894472362
0.24438902743142144
0.12373737373737374
0.12405063291139241
0.12219451371571072
0.18513853904282115
0.12311557788944724
0.12189054726368159
0.1234256926952141
0.1234256926952141
0.06109725685785536
0.1234256926952141
0.12436548223350252
0.18375
0.06186868686868687
0.06125
0.12311557788944724
0.18513853904282115
0.0
0.09245283018867925
0.18421052631578946
0.12373737373737374
0.12158808933002481
0.18467336683417085
0.12373737373737374
0.12219451371571072
0.06155778894472362
0.12436548223350252
0.12436548223350252
0.18702290076335878
0.06186868686868687
0.06109725685785536
0.18467336683417085
0.12405063291139241
0.12280701754385964
0.18467336683417085
0.06155778894472362
16.67985737410859
20.94719527363184
20.973484848484848
21.128992628992627
19.933249370277075
20.345692785579907
18.358196661418997
5.472081218274112
0.06125
13.862463179683147
6.894472361809045
11.605263157894736
22.938163329161455
20.84050632911393
20.039900249376558
20.904228855721396
22.767676767676768
20.849747474747474
20.073019801980198
19.91770573566085
22.573710073710075
7.305912596401028
0.18329177057356608
0.8302211935773989
9.674358974358974
10.146464646464647
0.4276807980049876
0.4638210841159398
0.7424242424242424
0.3095000639304437
0.338336807551834
0.43261328651756864
0.34063014484488663
0.3070175438596491
0.185294379563901
0.8199809146296704
0.3684210526315789
0.030856423173803525
0.09323470562879183
0.06125
0.030663329161451817
0.0911541496615415
0.6218274111675127
8.478371501272264
14.510906298485526
13.700251889168765
12.219451371571072
11.603527650769491
4.73019801980198
8.578085642317381
18.642673521850902
12.032911392405063
8.82
6.965087281795511
6.186442223633813
0.06140350877192982
0.12373737373737374
0.06109725685785536
0.24623115577889448
0.06202531645569621
0.12128712871287128
0.24936386768447838
0.06171284634760705
0.1225
0.12311557788944724
0.06363636363636363
0.1860759493670886
0.12280701754385964
0.12311557788944724
0.12219451371571072
0.12436548223350252
0.31091370558375636
0.12219451371571072
0.12280701754385964
0.12373737373737374
0.1234256926952141
18.023690773067333
18.652010050251253
16.518939393939394
18.681557788944723
20.02875
19.124999999999996
21.07
21.71039603960396
12.818298969072163
6.574683544303797
1.6126582278481014
16.820392066034884
18.467336683417088
17.79632462686567
23.461346633416458
20.55037783375315
19.31251149269736
19.698492462311556
21.914572864321606
23.169784223062912
20.294624890436157
19.192695214105793
20.17499307287337
22.895778465070304
8.043553397208733
0.06186868686868687
0.861500484880543
10.5
7.939083876742105
0.4302874019218901
0.494949494949495
0.4011335012594458
0.49339265597508963
0.43417721518987346
0.1875
0.28594030496150197
0.24638621318177792
0.12373737373737374
1.014029535864979
0.18238213399503722
0.06155778894472362
0.03077889447236181
0.030856423173803525
0.030934343434343436
0.0920288944723618
1.3058375634517767
9.427696078431373
13.607260979082248
7.590680100755669
6.140350877192982
7.441913329161451
12.31125
16.56426735218509
16.088498530590435
6.525125628140703
6.340452261306533
6.925251256281406
7.356230633433329
0.0
0.0928030303030303
0.0
0.06422018348623854
0.06202531645569621
