0.0
0.7577319587628866
0.24561403508771928
0.3149100257069409
0.2532299741602067
0.43090452261306533
0.375
0.30856423173803527
0.12436548223350252
0.18702290076335878
0.2474747474747475
0.12373737373737374
17.198275862068968
21.89462423875267
19.771929824561404
20.140350877192983
14.837150127226462
6.637931034482759
0.12468193384223919
7.092531240272157
15.37531969309463
11.236842105263158
21.422033315889358
22.261430395913155
20.570175438596493
19.73611111111111
22.39113924050633
19.332506203473944
8.636249999999999
0.18654822335025378
5.0507658010444665
3.162977880066488
7.468774548311076
0.43702290076335876
0.7187101910828025
0.4916909106938199
0.40549635209079243
0.31170483460559795
0.8042929292929292
0.45551697300569133
0.1873409669211196
0.7738785272099933
3.0778894472361804
0.06202531645569621
0.06171284634760705
0.14533960669215487
0.06109725685785536
0.09284292651858929
0.12373737373737374
0.3759590792838875
6.784615384615385
11.1915077618873
3.3660957621317213
9.640350877192981
6.263312174909636
5.7105263157894735
5.047275852948955
20.80653266331658
15.4
11.052785859120162
6.508618421052632
6.278894472361809
2.1545226130653266
4.974619289340102
0.12596401028277635
0.1225
0.12436548223350252
0.06447368421052632
0.08492201039861351
0.11611374407582939
0.12280701754385964
0.12373737373737374
0.1856060606060606
0.062340966921119595
17.411167512690355
21.668341708542712
20.085025380710658
21.28589108910891
19.724050632911393
21.53030303030303
13.054292929292927
3.016331658291457
6.093908629441624
14.767815556590591
12.587106794417465
19.06926952141058
23.64035087719298
20.589775561097255
18.979746835443038
21.581885856079403
23.203567380352645
20.190954773869343
20.697201017811704
22.530150753768844
17.162128712871286
5.61532970436828
0.1865482233502538
4.651036864482707
3.3241206030150754
8.748718113474267
0.31138838299686133
0.9308520208186082
0.4360703168391004
0.3354026740303558
0.4949494949494949
0.2490474160757417
0.18686467495899045
0.18639079868919872
1.2493079042051753
3.2010050251256286
0.12189054726368159
0.06109725685785536
0.08212951301427372
0.18421052631578946
0.06282051282051282
0.030934343434343436
2.6843157221085554
10.110126582278482
14.255667506297229
9.874055415617129
6.18625
3.023697176755402
17.075757575757578
15.018181818181818
9.380352644836272
7.307017543859649
6.2167992951388245
9.210220063875399
1.4961832061068703
0.1234256926952141
0.12436548223350252
0.1234256926952141
0.06171284634760705
0.12628865979381443
0.1875
0.1234256926952141
0.06202531645569621
0.12311557788944724
0.06186868686868687
17.784263959390863
21.831683168316832
20.385496183206108
21.551870705886753
20.241813602015114
22.11125
21.577411167512686
11.59873417721519
6.263157894736842
5.954430379746835
14.089058524173028
6.3658419426831605
16.353749999999998
23.494478976687635
20.612090680100753
19.2544080604534
19.441542288557216
22.745449120603013
23.695707070707073
21.58910891089109
20.68341708542713
21.05276381909548
22.13705583756345
5.620947630922694
0.12468193384223919
1.8847111664517278
9.241772151898733
7.618159203980099
0.37404580152671757
0.44087403598971725
0.7170805594059728
0.3704329186067222
0.34240104122470943
0.36796052631578946
0.24778800664876616
0.20503834964295162
0.1234256926952141
1.7112944162436547
0.06125
0.12219451371571072
0.06186868686868687
0.09315857698401267
0.0
0.09229816213315657
1.6042246674621061
9.179746835443037
13.685785536159603
7.19493670886076
6.232610809138715
6.832914572864321
12.956140350877194
18.093473451327434
14.7
12.403508771929825
6.324561403508771
6.186059403357744
2.5789473684210527
0.06171284634760705
0.06171284634760705
0.12405063291139241
0.12405063291139241
0.06186868686868687
0.12009803921568628
0.06140350877192982
0.1234256926952141
0.06171284634760705
