16.67985737410859
20.94719527363184
20.973484848484848
21.128992628992627
19.933249370277075
20.345692785579907
18.358196661418997
5.472081218274112
0.06125
13.862463179683147
6.894472361809045
11.605263157894736
22.938163329161455
20.84050632911393
20.039900249376558
20.904228855721396
22.767676767676768
20.849747474747474
20.073019801980198
19.91770573566085
22.573710073710075
7.305912596401028
0.18329177057356608
0.8302211935773989
9.674358974358974
10.146464646464647
0.4276807980049876
0.4638210841159398
0.7424242424242424
0.3095000639304437
0.338336807551834
0.43261328651756864
0.34063014484488663
0.3070175438596491
0.185294379563901
0.8199809146296704
0.3684210526315789
0.030856423173803525
0.09323470562879183
0.06125
0.030663329161451817
0.0911541496615415
0.6218274111675127
8.478371501272264
14.510906298485526
13.700251889168765
12.219451371571072
11.603527650769491
4.73019801980198
8.578085642317381
18.642673521850902
12.032911392405063
8.82
6.965087281795511
6.186442223633813
