17.411167512690355
21.668341708542712
20.085025380710658
21.28589108910891
19.724050632911393
21.53030303030303
13.054292929292927
3.016331658291457
6.093908629441624
14.767815556590591
12.587106794417465
19.06926952141058
23.64035087719298
20.589775561097255
18.979746835443038
21.581885856079403
23.203567380352645
20.190954773869343
20.697201017811704
22.530150753768844
17.162128712871286
5.61532970436828
0.1865482233502538
4.651036864482707
3.3241206030150754
8.748718113474267
0.31138838299686133
0.9308520208186082
0.4360703168391004
0.3354026740303558
0.4949494949494949
0.2490474160757417
0.18686467495899045
0.18639079868919872
1.2493079042051753
3.2010050251256286
0.12189054726368159
0.06109725685785536
0.08212951301427372
0.18421052631578946
0.06282051282051282
0.030934343434343436
2.6843157221085554
10.110126582278482
14.255667506297229
9.874055415617129
6.18625
3.023697176755402
17.075757575757578
15.018181818181818
9.380352644836272
7.307017543859649
6.2167992951388245
9.210220063875399
1.4961832061068703
