20.527027027027028
21.798554951610765
20.94719527363184
20.273749999999996
22.105263157894736
19.54987212276215
9.812342569269523
0.0
3.9746514575411913
10.30940594059406
8.636249999999999
20.09
22.84625
19.587719298245613
19.021356783919597
21.8463476070529
22.243003349346633
20.147525380710658
21.613728835805222
21.94029850746269
11.547381546134664
0.3085642317380352
5.767414652857691
6.4475227012254255
9.87468193384224
0.42875
0.4695923771586358
0.742737501598261
0.33752813637868256
0.37547953964194375
0.3090317533012747
0.2681514310918386
0.3107578832093278
0.31266147348418294
3.3165708812260535
3.0856423173803527
0.06109725685785536
0.06155778894472362
0.08271920381582921
0.1225
0.06202531645569621
0.2756284539906515
5.132169576059851
11.822319201995011
13.875
6.263157894736842
6.764925373134328
7.5716080402010055
18.73529411764706
15.607868020304569
8.414298043728424
6.982347256857855
6.170822942643392
1.7323232323232327
