18.023690773067333
18.652010050251253
16.518939393939394
18.681557788944723
20.02875
19.124999999999996
21.07
21.71039603960396
12.818298969072163
6.574683544303797
1.6126582278481014
16.820392066034884
18.467336683417088
17.79632462686567
23.461346633416458
20.55037783375315
19.31251149269736
19.698492462311556
21.914572864321606
23.169784223062912
20.294624890436157
19.192695214105793
20.17499307287337
22.895778465070304
8.043553397208733
0.06186868686868687
0.861500484880543
10.5
7.939083876742105
0.4302874019218901
0.494949494949495
0.4011335012594458
0.49339265597508963
0.43417721518987346
0.1875
0.28594030496150197
0.24638621318177792
0.12373737373737374
1.014029535864979
0.18238213399503722
0.06155778894472362
0.03077889447236181
0.030856423173803525
0.030934343434343436
0.0920288944723618
1.3058375634517767
9.427696078431373
13.607260979082248
7.590680100755669
6.140350877192982
7.441913329161451
12.31125
16.56426735218509
16.088498530590435
6.525125628140703
6.340452261306533
6.925251256281406
7.356230633433329
