0.0
0.7922885572139303
0.23902439024390243
0.245
0.3675
0.3712121212121212
0.3721518987341772
0.49122807017543857
0.06218274111675126
19.6
21.614035087719298
19.73611111111111
21.69013715710723
11.404092071611252
0.06140350877192982
3.263338101084769
11.845101781170484
6.278586683417085
1.4554455445544554
18.575879220737814
22.97196215416793
21.791457286432163
20.241813602015114
22.23375
20.858942065491185
9.222956875800572
0.310126582278481
7.339420654911838
5.39
7.344161277797861
0.49762015473837845
0.6889386189258312
0.4657803659201797
0.3766017443766805
0.4313696948217156
0.40665204441710645
0.3659756082430739
0.24920564188011005
0.9317453296395827
2.288985573620334
0.49246231155778897
0.1856060606060606
0.12189054726368159
0.08256177915477415
0.06202531645569621
0.18490624623749263
0.4949494949494949
6.75438596491228
14.624999999999998
10.192982456140351
6.201754385964912
4.666666666666666
1.5964912280701753
14.422879177377894
19.79829385222786
16.05763581005288
16.312814070351756
7.140703517587939
6.18625
2.3523588033661165
0.1875
0.12219451371571072
0.1860759493670886
0.12373737373737374
0.12405063291139241
0.12468193384223919
0.12468193384223919
0.12373737373737374
0.12436548223350252
0.12436548223350252
0.1234256926952141
0.1234256926952141
0.1865482233502538
0.12280701754385964
0.12373737373737374
20.527027027027028
21.798554951610765
20.94719527363184
20.273749999999996
22.105263157894736
19.54987212276215
9.812342569269523
0.0
3.9746514575411913
10.30940594059406
8.636249999999999
20.09
22.84625
19.587719298245613
19.021356783919597
21.8463476070529
22.243003349346633
20.147525380710658
21.613728835805222
21.94029850746269
11.547381546134664
0.3085642317380352
5.767414652857691
6.4475227012254255
9.87468193384224
0.42875
0.4695923771586358
0.742737501598261
0.33752813637868256
0.37547953964194375
0.3090317533012747
0.2681514310918386
0.3107578832093278
0.31266147348418294
3.3165708812260535
3.0856423173803527
0.06109725685785536
0.06155778894472362
0.08271920381582921
0.1225
0.06202531645569621
0.2756284539906515
5.132169576059851
11.822319201995011
13.875
6.263157894736842
6.764925373134328
7.5716080402010055
18.73529411764706
15.607868020304569
8.414298043728424
6.982347256857855
6.170822942643392
1.7323232323232327
0.06218274111675126
0.1865482233502538
0.06218274111675126
0.12405063291139241
0.06155778894472362
0.12436548223350252
0.06202531645569621
0.12280701754385964
0.1865482233502538
0.0
16.876930885988898
21.60344827586207
19.71192893401015
21.237437185929647
19.06234413965087
21.276239035087716
19.821918938124966
7.8543305311302225
0.06109725685785536
3.4515723270440253
13.416938363608136
6.4438685169867975
18.282663316582912
23.189828980099502
19.833333333333332
19.136967903624022
20.292929292929294
22.94608621473359
22.278337531486144
20.09620253164557
19.475949367088607
21.45273631840796
21.628428927680797
10.614609571788412
0.18405701754385964
3.482799411623588
3.501546687878386
6.481882307469321
4.012709405824475
0.6870229007633588
0.4312146374188322
0.37293902203945256
0.31059885626164624
0.5259229462769286
0.1873409669211196
0.24920564188011005
0.1856060606060606
0.1408950268517811
2.400753768844221
0.030817610062893082
0.1206896551724138
0.020450751252086813
0.09149579905097732
0.18283582089552236
0.12596401028277635
3.7644836272040303
11.1475
14.291666666666664
12.494999999999997
6.664987405541562
2.468474274435084
15.473684210526315
15.88671875
13.39746835443038
6.246287128712871
6.170822942643392
4.50280497756018
0.1234256926952141
0.12405063291139241
0.12468193384223919
0.12311557788944724
0.06218274111675126
0.062340966921119595
0.12499999999999999
0.06218274111675126
0.12499999999999999
