16.876930885988898
21.60344827586207
19.71192893401015
21.237437185929647
19.06234413965087
21.276239035087716
19.821918938124966
7.8543305311302225
0.06109725685785536
3.4515723270440253
13.416938363608136
6.4438685169867975
18.282663316582912
23.189828980099502
19.833333333333332
19.136967903624022
20.292929292929294
22.94608621473359
22.278337531486144
20.09620253164557
19.475949367088607
21.45273631840796
21.628428927680797
10.614609571788412
0.18405701754385964
3.482799411623588
3.501546687878386
6.481882307469321
4.012709405824475
0.6870229007633588
0.4312146374188322
0.37293902203945256
0.31059885626164624
0.5259229462769286
0.1873409669211196
0.24920564188011005
0.1856060606060606
0.1408950268517811
2.400753768844221
0.030817610062893082
0.1206896551724138
0.020450751252086813
0.09149579905097732
0.18283582089552236
0.12596401028277635
3.7644836272040303
11.1475
14.291666666666664
12.494999999999997
6.664987405541562
2.468474274435084
15.473684210526315
15.88671875
13.39746835443038
6.246287128712871
6.170822942643392
4.50280497756018
